203
726 29
831 66
783 18
42 53
136 67
194 26
626 7
575 80
808 90
778 52
43 63
597 31
565 5
377 51
302 62
504 17
257 21
130 61
856 73
304 68
937 66
610 54
207 73
13 92
515 92
694 14
277 34
62 22
878 10
499 37
746 34
222 33
216 14
447 24
879 45
376 32
588 69
81 79
865 89
201 17
846 69
965 32
86 55
562 45
500 81
7 13
109 53
729 73
557 30
534 92
777 59
922 67
348 20
912 19
683 52
23 7
305 7
608 42
769 57
488 79
292 70
179 7
571 42
506 87
63 34
773 6
54 74
603 64
622 25
675 29
483 75
554 87
510 28
24 46
17 51
413 18
172 61
539 21
345 27
494 71
659 36
716 44
336 91
835 29
316 24
721 30
619 9
38 88
281 38
389 70
767 30
753 48
161 92
841 88
199 20
274 99
236 78
331 66
234 68
268 82
150 61
64 43
986 33
241 9
344 70
714 11
689 68
651 100
361 88
836 27
646 83
633 20
1000 98
503 14
450 95
569 28
911 4
353 54
909 12
927 52
890 22
725 61
958 91
478 5
813 15
570 2
163 57
765 7
214 12
963 53
806 74
701 13
536 15
106 33
576 70
993 46
92 95
713 64
810 20
943 99
378 84
441 42
252 9
70 59
220 52
188 19
89 83
733 80
104 28
321 92
960 7
744 7
801 74
968 39
364 63
94 87
941 38
343 68
387 11
391 52
56 91
518 89
676 75
985 69
224 15
861 81
365 26
601 79
340 3
350 60
258 74
211 92
405 78
269 33
695 49
431 64
200 31
824 60
964 36
285 68
750 4
736 99
696 98
480 47
906 33
599 47
166 62
61 50
976 43
31 72
999 11
67 23
974 81
764 11
58 94
309 28
352 98
448 5
205 9
291 87
330 58
581 40
527 76
