168 13
14 7 4 16 20 20 19 4 14 4 6 1 17
8 10 8 21 0 11 8 12 1 20 3 1 17
6 3 24 16 20 6 17 7 18 17 6 1 11
8 21 24 20 4 21 10 19 19 6 3 8 11
11 5 8 16 23 7 0 14 25 10 3 22 11
8 3 24 20 10 14 3 15 20 13 3 17 7
6 16 4 16 20 20 17 28 18 3 6 4 11
15 16 4 20 10 4 8 12 6 16 18 8 11
8 10 8 20 4 11 9 5 1 13 9 8 5
14 7 4 20 10 4 19 18 4 4 6 8 11
15 2 24 16 20 6 0 19 14 2 18 1 15
6 2 24 16 20 6 10 7 14 17 6 22 11
11 7 4 21 12 0 0 25 10 17 3 7 0
14 10 8 16 23 7 6 8 17 4 6 19 20
14 16 4 21 12 0 11 3 20 4 6 4 5
8 5 8 20 4 11 4 5 7 13 9 17 5
14 16 4 21 12 0 3 20 20 18 18 22 12
6 5 8 20 4 11 12 17 7 17 6 8 15
14 21 24 16 23 1 19 0 23 11 6 22 20
8 2 24 21 12 22 11 23 4 13 9 16 11
8 16 4 21 12 0 9 8 20 6 3 1 20
14 21 24 20 4 21 17 2 19 4 18 8 20
8 5 8 20 4 11 10 11 7 20 3 8 11
11 18 24 21 0 13 19 21 19 3 3 7 7
6 2 24 20 10 14 10 21 10 17 6 8 2
8 10 8 16 23 7 9 20 17 13 9 7 0
8 16 4 20 10 4 9 23 6 6 3 8 7
6 18 24 16 23 1 4 11 23 10 6 1 22
8 7 4 16 20 20 17 16 14 20 9 19 7
8 2 24 20 10 14 11 9 10 13 9 8 22
8 18 24 16 23 1 17 18 23 6 3 4 12
14 21 24 21 0 13 19 15 5 11 6 1 10
15 21 24 21 0 13 3 9 5 2 18 22 11
14 5 8 16 23 7 10 9 25 18 18 19 12
11 2 24 20 10 14 19 3 10 3 3 8 5
14 18 24 20 4 21 11 14 17 11 6 8 7
8 16 4 16 20 20 6 16 18 20 9 7 7
6 10 8 16 23 7 3 3 17 17 6 4 22
15 18 24 21 0 13 22 9 19 2 18 4 11
11 10 8 16 23 7 6 14 17 10 3 1 11
14 3 24 16 20 6 9 13 18 11 18 7 10
6 16 4 21 12 0 17 14 20 3 6 4 0
6 7 4 16 20 20 10 28 14 3 6 7 11
6 3 24 20 10 14 17 21 20 17 6 8 2
14 10 8 20 4 11 8 10 1 18 18 8 20
14 3 24 20 10 14 9 27 20 11 18 8 20
14 2 24 20 10 14 4 27 10 11 18 17 20
14 3 24 16 20 6 22 25 18 18 6 4 17
14 21 24 16 23 1 17 17 23 4 18 4 12
14 18 24 21 0 13 6 16 19 4 18 1 11
6 10 8 20 4 11 3 17 1 17 6 8 15
6 2 24 21 12 22 10 22 4 17 6 1 0
6 3 24 21 12 22 17 22 12 17 6 16 0
11 10 8 21 0 11 6 13 1 10 3 22 7
11 3 24 16 20 6 9 2 18 3 3 7 17
11 16 4 21 12 0 22 25 20 17 3 16 0
8 18 24 20 4 21 3 13 17 6 9 8 5
8 7 4 21 12 0 17 2 10 20 9 4 11
8 7 4 21 12 0 4 8 10 6 3 16 20
15 3 24 16 20 6 6 19 18 2 18 19 15
11 18 24 16 23 1 19 6 23 3 3 7 11
14 21 24 21 0 13 17 16 5 4 18 16 11
8 16 4 21 12 0 6 2 20 20 9 22 11
15 7 4 21 12 0 11 26 10 16 18 16 22
15 5 8 21 0 11 19 1 7 9 18 16 11
6 7 4 20 10 4 10 0 4 3 6 8 2
15 5 8 16 23 7 19 15 25 9 18 1 0
8 16 4 16 20 20 9 22 18 6 3 22 10
14 10 8 16 23 7 8 9 17 18 18 7 12
8 18 24 20 4 21 17 19 17 6 3 17 11
8 18 24 21 0 13 3 27 19 6 9 1 2
11 21 24 20 4 21 11 7 19 3 3 17 22
6 21 24 21 0 13 4 10 5 10 6 4 15
8 2 24 16 20 6 12 1 14 13 3 7 10
15 18 24 20 4 21 22 8 17 2 18 17 2
15 3 24 20 10 14 6 4 20 2 18 8 11
11 7 4 20 10 4 0 24 4 17 3 8 5
8 2 24 16 20 6 11 24 14 13 9 4 7
6 18 24 21 0 13 4 10 19 10 6 22 15
11 21 24 16 23 1 11 6 23 3 3 4 11
6 18 24 20 4 21 4 25 17 10 6 8 15
14 18 24 16 23 1 11 0 23 11 6 1 20
14 10 8 21 0 11 8 24 1 18 18 22 11
14 5 8 20 4 11 10 10 7 18 18 8 20
14 5 8 21 0 11 0 7 7 4 6 7 10
8 3 24 20 10 14 8 9 20 13 9 8 22
14 16 4 20 10 4 3 6 6 18 18 8 20
8 5 8 16 23 7 10 26 25 20 3 1 12
8 2 24 20 10 14 12 15 10 13 3 8 7
8 21 24 16 23 1 10 18 23 6 3 22 12
11 3 24 21 12 22 9 17 12 3 3 22 0
11 5 8 20 4 11 0 28 7 10 3 8 22
15 16 4 21 12 0 8 26 20 16 18 7 22
14 7 4 21 12 0 19 3 10 4 6 22 5
11 2 24 21 12 22 19 17 4 3 3 4 0
14 2 24 20 10 14 0 26 10 18 6 8 11
15 10 8 16 23 7 9 15 17 9 18 22 0
15 21 24 20 4 21 3 8 19 2 18 8 2
11 16 4 20 10 4 22 24 6 17 3 8 5
14 7 4 21 12 0 22 20 10 18 18 1 12
14 21 24 20 4 21 19 14 19 11 6 8 7
14 7 4 16 20 20 22 5 14 18 18 19 10
8 5 8 21 0 11 4 19 7 13 9 16 2
14 16 4 20 10 4 11 18 6 4 6 8 11
8 21 24 20 4 21 22 13 19 6 9 8 5
11 10 8 20 4 11 6 28 1 10 3 8 22
15 5 8 20 4 11 19 16 7 9 18 8 2
8 7 4 20 10 4 17 1 4 20 9 17 22
8 18 24 21 0 13 17 4 19 6 3 16 17
14 16 4 16 20 20 3 5 18 18 18 1 10
8 21 24 21 0 13 22 27 5 6 9 22 2
8 16 4 20 10 4 6 1 6 20 9 8 22
15 16 4 16 20 20 8 27 18 16 18 7 15
15 2 24 20 10 14 0 4 10 2 18 8 11
8 3 24 21 12 22 8 23 12 13 9 1 11
8 10 8 21 0 11 9 19 1 13 9 7 2
15 10 8 21 0 11 9 1 1 9 18 1 11
15 21 24 16 23 1 3 23 23 2 18 7 0
8 3 24 16 20 6 8 24 18 13 9 22 7
15 10 8 20 4 11 9 16 1 9 18 8 2
11 16 4 16 20 20 22 10 18 17 3 4 17
15 7 4 16 20 20 11 27 14 16 18 4 15
11 3 24 20 10 14 9 3 20 3 3 8 5
8 5 8 16 23 7 4 20 25 13 9 4 0
6 5 8 21 0 11 12 18 7 17 6 7 15
15 7 4 20 10 4 11 12 4 16 18 17 11
14 5 8 20 4 11 0 22 7 4 6 8 7
14 18 24 20 4 21 6 2 17 4 18 8 20
14 5 8 16 23 7 0 8 25 4 6 7 20
14 2 24 21 12 22 0 11 4 18 6 7 5
14 7 4 20 10 4 22 6 4 18 18 8 20
8 7 4 16 20 20 4 22 14 6 3 1 10
15 2 24 21 12 22 0 5 4 2 18 22 22
11 5 8 21 0 11 0 13 7 10 3 1 7
8 3 24 16 20 6 3 1 18 13 3 19 10
14 3 24 21 12 22 9 28 12 11 18 7 12
6 21 24 20 4 21 4 25 19 10 6 8 15
14 3 24 20 10 14 22 26 20 18 6 17 11
14 2 24 21 12 22 4 28 4 11 18 4 12
8 2 24 21 12 22 12 0 4 13 3 7 20
11 7 4 16 20 20 0 10 14 17 3 22 17
14 2 24 16 20 6 4 13 14 11 18 4 10
11 2 24 16 20 6 19 2 14 3 3 19 17
11 21 24 21 0 13 11 21 5 3 3 4 7
8 21 24 16 23 1 22 12 23 6 9 1 0
8 10 8 16 23 7 8 26 17 20 3 19 12
15 18 24 16 23 1 22 23 23 2 18 19 0
8 7 4 20 10 4 4 23 4 6 3 8 7
11 18 24 20 4 21 19 7 17 3 3 8 22
14 10 8 21 0 11 6 7 1 4 6 4 10
6 21 24 16 23 1 4 11 23 10 6 19 22
14 18 24 21 0 13 11 15 19 11 6 16 10
8 10 8 20 4 11 8 11 1 20 3 8 11
8 3 24 21 12 22 3 0 12 13 3 4 20
14 16 4 16 20 20 11 4 18 4 6 19 17
6 7 4 21 12 0 10 14 10 3 6 7 0
14 18 24 16 23 1 6 17 23 4 18 22 12
8 18 24 16 23 1 3 12 23 6 9 19 0
8 21 24 21 0 13 10 4 5 6 3 7 17
14 10 8 20 4 11 6 22 1 4 6 17 7
6 16 4 20 10 4 17 0 6 3 6 17 2
14 3 24 21 12 22 22 11 12 18 6 16 5
6 5 8 16 23 7 12 3 25 17 6 22 22
15 3 24 21 12 22 6 5 12 2 18 1 22
6 10 8 21 0 11 3 18 1 17 6 16 15
14 2 24 16 20 6 0 25 14 18 6 22 17
8 5 8 21 0 11 10 12 7 20 3 22 17
14 5 8 21 0 11 10 24 7 18 18 4 11
