990
883294 29
278477 1
253151 10
723843 35
410865 34
946642 45
313898 35
120351 14
26767 89
533459 92
523806 61
360547 15
258364 34
866926 6
328217 52
215203 66
498373 86
930623 87
621500 10
208471 7
975756 23
880496 71
198983 94
356699 43
598686 34
324947 87
765364 15
599596 30
2676 98
553685 61
827266 35
236197 50
959036 65
781471 92
664886 95
168297 31
293348 79
46987 93
823836 60
431823 86
181882 56
629476 5
831142 96
991873 62
670579 42
52053 80
445843 99
907873 33
190999 1
684421 71
697803 12
101465 100
872178 99
22778 97
95674 54
402145 79
639791 62
854226 29
331173 71
493867 97
74991 20
391263 69
556534 96
697241 77
686299 68
885011 51
918774 56
798684 48
541412 12
215620 45
774934 25
848160 57
27097 6
129790 38
408774 40
637002 15
647468 69
12890 88
669042 39
411612 47
974981 15
904435 28
806693 4
849848 19
102847 13
32808 88
621507 3
792689 6
807412 7
325684 97
476354 65
655506 85
298617 86
852569 99
131902 84
896458 17
6776 39
389408 86
449641 25
836257 47
966073 48
764533 43
521362 57
714000 37
321936 57
178094 27
279233 49
410287 53
108117 19
735111 96
264638 59
483500 100
891809 83
279655 3
271982 34
813900 50
195280 20
744704 80
710000 2
263693 72
288850 85
20036 21
278054 16
938641 58
891001 49
69263 49
910702 20
580534 45
721901 95
241086 67
9479 49
450277 62
972300 69
899140 59
974616 31
379096 35
589688 38
292817 47
621050 71
920508 34
561112 24
826596 34
99840 34
673790 60
569678 69
547447 39
253335 100
1910 94
526545 38
66134 40
898311 1
54742 63
332851 95
721126 18
380258 77
563613 62
775273 49
824284 67
309584 18
188590 100
36953 23
764629 16
266074 88
332652 6
705640 97
652117 5
689016 57
675528 26
339702 84
592175 36
848181 19
881683 6
461857 21
273214 25
660395 87
517178 8
181141 86
518974 73
263555 7
919153 96
340839 7
40183 73
27600 18
517991 54
23000 57
532331 74
414271 26
799357 52
988650 88
715631 27
584423 7
217081 91
464712 99
340487 92
593322 100
960782 48
521596 77
501510 76
724751 68
113094 21
263777 49
532732 76
772808 57
423098 71
51994 8
625301 72
36448 78
959007 68
20469 6
935461 48
136514 80
989181 18
209410 72
226223 42
693959 40
395288 82
533038 19
530565 26
959675 48
128529 95
27085 79
854657 83
136066 74
911354 49
842454 51
176357 18
9293 29
514874 29
639789 65
153747 64
122802 54
988490 80
964455 11
509064 15
415652 43
680254 100
210835 41
213887 40
819751 2
47341 87
327583 59
43224 2
569829 40
737367 78
609199 95
671135 53
416204 4
141508 82
533117 69
775803 11
832123 36
517195 75
234379 28
162192 82
523976 94
732769 7
364422 63
17659 56
73001 6
20177 57
136746 80
121090 59
173669 1
579843 23
28800 99
681885 99
106971 77
735448 30
845429 49
726175 95
801709 49
845255 19
631020 67
453789 75
72710 74
745850 97
831343 17
338567 8
897441 26
317349 26
344480 65
927192 85
616144 78
692110 65
635171 25
723868 23
272758 53
807533 76
807630 48
977393 69
98929 5
817966 69
964369 18
198559 12
284589 82
94203 92
785573 72
611027 44
945511 99
620193 22
883626 9
466323 50
782762 48
324227 99
959479 33
825011 21
972775 9
5322 46
386289 29
932289 57
607359 93
622793 80
33075 20
806223 68
165998 52
57749 41
247021 92
832926 79
891553 96
189773 13
71924 49
637186 98
887433 64
863751 44
639637 52
320633 94
105986 22
455504 82
598901 49
62679 32
930769 58
735689 75
26150 86
393110 13
745951 36
305591 96
560156 79
378743 90
751165 69
29431 5
462934 90
766156 11
289169 10
379397 18
530851 42
626845 80
50286 98
274717 77
320892 17
561509 81
727013 99
613080 10
506426 99
33681 67
909815 13
185585 34
387742 84
424900 53
953847 62
267312 33
172016 40
561066 48
376340 70
2330 35
185441 39
493350 13
935595 5
675439 29
215452 84
269117 61
188954 57
453144 98
645015 21
795508 32
363060 42
691900 55
65222 76
296573 94
839148 31
961989 2
449586 62
348523 16
385711 17
470146 91
907707 97
576726 91
505285 92
98816 32
885415 97
356086 4
957051 37
727147 93
715738 25
755415 85
820026 16
301967 97
990479 9
188838 58
9129 40
836611 40
617865 74
76467 51
517891 38
884601 57
452099 4
881482 78
580682 22
552109 33
266497 93
136507 66
382094 38
153152 83
997026 7
340129 70
498052 39
104585 45
446175 39
664498 13
765697 62
710686 41
994761 65
351769 4
956082 87
527434 66
170803 45
965177 25
647195 89
630689 100
444974 100
340238 1
396893 31
18667 48
817117 17
25933 36
27227 22
816482 85
731072 26
688949 19
836661 93
792757 1
923756 6
228261 38
924920 65
701402 47
410302 8
7120 24
156551 89
799585 99
771971 36
577594 32
314859 45
362299 44
77357 94
663084 44
116640 61
526049 60
226896 86
946003 97
114734 44
692490 12
903559 39
614188 25
997007 12
654621 97
653882 47
132569 50
73671 57
528532 47
940535 62
899340 94
931513 89
845321 35
181271 55
319642 2
775456 57
833869 69
568625 58
364529 5
114825 19
56366 28
834450 68
538916 85
666127 50
411642 20
264155 17
468771 57
427281 93
270581 66
952559 68
338901 73
141216 82
561604 32
783379 87
856976 56
107097 32
816070 64
113621 73
164790 45
920223 10
475251 60
1603 35
170899 73
431380 28
368103 84
336339 61
898618 7
485022 15
210063 8
178948 68
705552 1
262622 6
213993 96
801566 7
765532 38
543980 9
510838 59
948945 100
115891 17
728947 31
187382 14
59949 56
879552 12
595391 29
640390 10
971779 1
516212 30
24184 9
878520 28
317565 49
740919 15
272749 40
775363 13
929864 15
854978 58
274403 34
599307 93
272349 30
280325 81
442677 91
3689 87
462710 46
267906 64
458832 7
99055 3
179454 64
407821 8
532187 28
790123 70
81314 25
458452 87
538477 90
847824 34
858728 95
799805 74
788016 95
501597 57
724521 54
707396 18
218855 2
690911 58
323735 84
40465 4
38397 100
769957 25
639026 14
244483 42
257448 85
613519 94
758052 81
486738 45
691738 81
629317 88
51983 26
140657 8
585277 23
615355 91
535864 31
345899 9
612235 14
214168 78
325044 93
991776 68
388992 6
152715 14
681490 10
177213 67
591137 65
857258 15
717864 65
766482 80
321132 1
94877 57
661577 38
896377 77
389599 71
866997 98
840107 84
303206 88
124134 57
35196 56
215394 55
261342 36
975055 16
500374 85
930056 40
626891 82
589739 42
236363 85
368567 76
838972 25
897984 97
744013 50
783762 63
123551 42
881017 53
982016 81
302524 1
564762 54
612936 50
2829 76
107233 44
335141 12
381264 29
982230 79
322 81
582952 53
3954 38
949438 51
219900 45
413042 73
257997 6
575697 80
185688 5
51004 4
55455 52
185177 25
740016 41
238754 72
248475 54
148271 51
238622 3
789061 36
18897 53
830431 68
344258 64
753736 83
630991 94
72260 91
780501 71
273876 40
46950 59
774461 96
323347 39
356014 69
577298 46
708439 43
909478 4
122158 72
682840 33
430717 51
746650 1
619284 79
597160 100
566815 34
626220 43
229423 20
647172 64
693695 41
686418 55
863108 58
860664 8
334136 54
351679 39
257441 10
963603 16
315806 74
158366 62
405628 11
230424 58
105012 59
237490 23
487025 72
791112 89
499964 80
600512 24
154480 3
355204 66
332380 52
608573 69
938305 22
96705 8
618353 12
53372 99
763332 25
325127 75
909660 62
471908 50
883142 69
263939 89
474207 41
58933 10
746741 52
188875 18
918175 77
304197 24
556168 71
599727 3
307750 74
332240 82
162213 82
774625 53
917392 79
62153 5
735725 88
840843 32
935890 24
70093 24
357483 66
66657 45
72827 23
673672 28
549722 48
46247 86
74913 49
555463 44
535364 100
837644 27
557498 55
747802 54
63151 61
623999 16
181713 87
784349 62
545635 45
729502 67
632555 5
172186 48
309398 86
929104 58
568305 7
775395 17
670073 74
961557 71
704669 11
155011 83
228656 61
972451 63
676899 90
989360 19
800095 3
710389 36
588758 77
147770 16
427010 53
829036 92
525743 91
217352 70
401080 2
731199 33
694417 47
395125 71
503043 22
257117 73
221810 65
106748 15
335466 80
816813 80
380398 11
794389 15
991679 26
632891 85
604220 80
337157 73
946744 57
973860 59
836850 89
497756 63
636222 4
183450 76
851672 30
111246 2
209541 3
737542 34
139354 44
350794 45
82250 29
806936 72
698156 83
892730 15
432387 30
724324 70
736357 38
282675 34
459711 38
326654 91
121620 74
214436 57
702685 51
722458 90
900181 95
510562 16
640276 46
554573 62
273774 94
922331 99
886105 31
257889 79
755508 61
660750 40
815323 25
502931 60
5316 5
369022 88
205960 49
355242 56
608002 76
74137 76
251604 77
329450 35
593447 5
499021 8
905466 47
78209 68
71315 83
486547 11
876394 53
501684 33
934063 30
531562 25
662362 100
46523 67
954753 89
786210 92
693223 54
77692 41
94399 79
372842 53
352476 39
240412 21
481839 88
878622 77
834405 94
35539 27
449630 44
275711 10
85851 64
352908 31
919970 25
525049 71
440197 86
905757 4
115916 74
576380 2
100406 70
695760 77
265323 38
978479 20
458769 32
660479 91
629300 75
917056 17
654986 8
859018 17
606158 15
179136 17
2125 22
933550 82
752841 19
825489 20
350934 9
322409 12
811928 24
969241 39
735206 42
752245 38
744261 51
107826 17
855069 80
691380 15
271465 54
303420 73
496295 90
544716 75
866284 65
803919 47
679076 31
123530 87
608303 49
461874 19
889548 26
629410 77
310442 47
835438 84
6969 10
590651 4
573278 31
753807 10
474675 77
404169 14
914914 18
961170 49
789639 11
315985 31
902262 4
634481 76
401444 42
694885 22
976470 71
167074 97
582655 31
144679 72
782035 100
543582 98
118047 53
280982 68
493020 92
665866 82
761903 48
844706 11
333214 23
241215 9
545084 27
818313 92
919072 29
872360 5
846698 82
597244 30
627029 48
35298 76
490314 48
651600 34
424483 34
358436 39
145281 5
263446 80
256973 35
344006 96
218120 50
857837 99
659798 1
257604 78
878741 97
350965 20
126968 53
715944 77
86884 52
94819 19
311321 56
564524 70
253894 75
717210 90
579947 21
253212 52
476102 22
721314 38
294072 12
450328 58
511768 7
557195 83
781631 54
387863 80
344433 67
316985 73
274884 48
484333 22
258165 66
977205 69
851913 100
744005 43
372813 37
471850 42
850152 29
998744 75
608350 20
246284 81
427184 14
240795 50
878553 85
928549 92
505203 26
579081 11
327575 70
280052 72
693399 4
625561 60
183893 62
371553 55
255577 91
914550 11
846178 2
